254		136		124		43		78		113		32		222		107		47		50
136		186		242		162		177		96		171		54		62		188		70
124		242		168		114		50		35		220		102		210		76		131
43		162		114		43		177		168		2		226		60		3		192
78		177		50		177		163		219		116		138		254		183		125
113		96		35		168		219		45		172		235		218		4		172
32		171		220		2		116		172		136		64		64		210		17
222		54		102		226		138		235		64		138		255		242		24
107		62		210		60		254		218		64		255		153		114		40
47		188		76		3		183		4		210		242		114		83		121
-0.739716
0.198065
-0.077543
1.343939
-1.029074
0.668864
0.774768
1.18453
-0.92206
-0.46031
134		215		214		45		26		157		81		67		27		78		145
215		238		200		206		9		162		220		25		123		114		64
214		200		240		62		34		177		100		73		157		13		58
45		206		62		185		227		254		57		15		13		144		161
26		9		34		227		4		45		45		159		76		171		194
157		162		177		254		45		154		5		182		252		193		130
81		220		100		57		45		5		81		8		206		166		62
67		25		73		15		159		182		8		91		221		22		50
27		123		157		13		76		252		206		221		178		74		34
78		114		13		144		171		193		166		22		74		245		14
-1.729328
-1.56101
4.229576
1.064537
2.480838
-1.995977
0.422255
-0.453251
-0.536028
0.241259
54		153		238		127		127		94		144		24		15		182		255
153		248		128		135		152		123		51		156		118		15		108
238		128		150		114		126		58		80		253		98		99		87
127		135		114		101		25		141		223		60		252		44		184
127		152		126		25		255		194		116		80		147		114		198
94		123		58		141		194		0		248		85		239		74		29
144		51		80		223		116		248		200		171		59		54		52
24		156		253		60		80		85		171		100		110		225		43
15		118		98		252		147		239		59		110		19		61		184
182		15		99		44		114		74		54		225		61		131		207
6.531435
8.791954
-15.891594
2.734974
-5.432066
1.738469
-2.178946
-4.922792
-1.362146
16.323049
12		22		243		60		233		4		78		172		54		72		1
22		193		160		246		61		242		70		190		36		156		189
243		160		216		236		62		148		19		173		171		232		126
60		246		236		126		124		153		111		159		220		169		49
233		61		62		124		79		198		201		176		208		16		205
4		242		148		153		198		193		196		157		242		170		219
78		70		19		111		201		196		140		242		11		125		171
172		190		173		159		176		157		242		79		219		81		175
54		36		171		220		208		242		11		219		107		125		231
72		156		232		169		16		170		125		81		125		180		144
-0.405214
-0.713837
-0.530568
1.24493
-0.016561
0.098079
0.602931
-0.083905
0.441728
0.316877
228		99		219		168		28		21		90		158		36		214		230
99		91		200		142		209		178		139		44		6		84		117
219		200		235		191		175		233		208		174		224		68		14
168		142		191		218		125		30		253		36		32		117		93
28		209		175		125		50		179		134		188		149		145		114
21		178		233		30		179		245		102		187		202		8		150
90		139		208		253		134		102		15		28		59		24		133
158		44		174		36		188		187		28		187		65		128		182
36		6		224		32		149		202		59		65		254		218		185
214		84		68		117		145		8		24		128		218		217		117
-0.43454
0.040003
1.090723
-0.203922
0.475067
-0.74401
-0.400018
0.462789
-0.237793
0.440511
237		255		116		200		243		189		126		83		167		14		172
255		198		236		179		143		49		147		83		128		2		34
116		236		143		121		113		143		63		4		86		152		145
200		179		121		92		48		54		160		17		3		216		221
243		143		113		48		72		203		61		127		166		239		173
189		49		143		54		203		202		176		12		187		198		53
126		147		63		160		61		176		254		43		28		91		253
83		83		4		17		127		12		43		227		248		201		57
167		128		86		3		166		187		28		248		221		60		97
14		2		152		216		239		198		91		201		60		230		87
0.244795
0.658414
-0.684313
-0.04508
-0.008575
0.384596
0.342273
0.315557
-0.655669
0.28989
233		102		25		72		249		224		30		103		201		65		36
102		230		188		21		165		171		29		251		90		138		136
25		188		69		214		227		85		120		255		16		179		248
72		21		214		189		234		240		48		75		88		234		91
249		165		227		234		201		78		144		197		199		246		174
224		171		85		240		78		138		41		207		204		29		118
30		29		120		48		144		41		248		60		175		129		228
103		251		255		75		197		207		60		52		155		235		71
201		90		16		88		199		204		175		155		155		255		157
65		138		179		234		246		29		129		235		255		228		118
0.024461
0.118279
0.255959
0.170269
0.065346
0.227241
1.202836
0.31818
-0.5343
-0.447057
253		11		169		203		88		148		54		46		117		49		77
11		191		93		4		31		44		191		191		245		140		222
169		93		3		59		43		213		31		104		125		133		223
203		4		59		216		221		83		147		157		164		165		110
88		31		43		221		234		124		72		145		64		118		215
148		44		213		83		124		237		60		241		118		27		41
54		191		31		147		72		60		2		180		143		223		145
46		191		104		157		145		241		180		70		42		138		23
117		245		125		164		64		118		143		42		77		85		14
49		140		133		165		118		27		223		138		85		28		198
-1.789902
-0.362989
-2.991159
3.351472
-1.823998
1.668627
0.218819
0.867803
3.130721
-2.968969
142		17		24		90		113		184		44		193		79		131		39
17		1		34		198		218		89		68		193		97		199		84
24		34		106		19		76		219		245		120		157		164		219
90		198		19		209		116		194		128		19		160		231		160
113		218		76		116		108		106		160		105		27		161		239
184		89		219		194		106		30		191		38		175		194		139
44		68		245		128		160		191		4		253		204		196		224
193		193		120		19		105		38		253		213		209		173		200
79		97		157		160		27		175		204		209		220		90		231
131		199		164		231		161		194		196		173		90		90		32
-0.757132
0.377778
0.46158
0.159755
-2.025738
-0.209646
0.232427
0.881833
-0.74078
1.986404
37		102		42		191		226		24		45		39		222		169		200
102		210		50		205		87		46		172		81		215		185		97
42		50		170		249		206		63		67		83		114		241		221
191		205		249		54		234		72		73		220		244		232		238
226		87		206		234		218		216		215		235		140		188		46
24		46		63		72		216		231		217		8		106		67		253
45		172		67		73		215		217		232		180		124		119		157
39		81		83		220		235		8		180		115		45		144		145
222		215		114		244		140		106		124		45		234		77		176
169		185		241		232		188		67		119		144		77		29		115
0.517945
1.226442
-0.009094
-0.494015
1.231863
0.461951
-0.451064
-1.660376
-1.108655
1.137064
